image: 18Jan_advantis.pgm
resolution: 0.050000
origin: [-12.327134, -2.705709, 0.000000]
negate: 0
occupied_thresh: 0.65
free_thresh: 0.196

