image: advantis_final.pgm
resolution: 0.050000
origin: [-47.699721, -48.819480, 0.000000]
negate: 0
occupied_thresh: 0.65
free_thresh: 0.196

