image: advantis_14Dec.pgm
resolution: 0.050000
origin: [-2.308655, -28.053053, 0.000000]
negate: 0
occupied_thresh: 0.65
free_thresh: 0.196

