image: advantis_21Dec.pgm
resolution: 0.050000
origin: [-1.957051, -13.855070, 0.000000]
negate: 0
occupied_thresh: 0.65
free_thresh: 0.196

