image: advantis_10Dec.pgm
resolution: 0.050000
origin: [-8.057510, -25.052604, 0.000000]
negate: 0
occupied_thresh: 0.65
free_thresh: 0.196

