image: advantis_22Dec.pgm
resolution: 0.050000
origin: [-1.454790, -16.156578, 0.000000]
negate: 0
occupied_thresh: 0.65
free_thresh: 0.196

