image: advantis.pgm
resolution: 0.050000
origin: [-52.730362, -46.121382, 0.000000]
negate: 0
occupied_thresh: 0.65
free_thresh: 0.196

