image: advantis_16Dec.pgm
resolution: 0.050000
origin: [-2.330145, -28.288005, 0.000000]
negate: 0
occupied_thresh: 0.65
free_thresh: 0.196

