image: advantis_4Dec.pgm
resolution: 0.050000
origin: [-29.117043, -8.214755, 0.000000]
negate: 0
occupied_thresh: 0.65
free_thresh: 0.196

