image: nasit_23Feb.pgm
resolution: 0.050000
origin: [-4.326213, -23.376866, 0.000000]
negate: 0
occupied_thresh: 0.65
free_thresh: 0.196

