image: nasit_26Jan.pgm
resolution: 0.050000
origin: [-2.119769, -17.831243, 0.000000]
negate: 0
occupied_thresh: 0.65
free_thresh: 0.196

