image: nasit_9May.pgm
resolution: 0.050000
origin: [-3.244466, -24.077994, 0.000000]
negate: 0
occupied_thresh: 0.65
free_thresh: 0.196

