image: nasit_21Mar.pgm
resolution: 0.050000
origin: [-2.100894, -23.518498, 0.000000]
negate: 0
occupied_thresh: 0.65
free_thresh: 0.196

