image: nasit_20May.pgm
resolution: 0.050000
origin: [-1.987669, -21.398681, 0.000000]
negate: 0
occupied_thresh: 0.65
free_thresh: 0.196

