image: nasit_9Mar.pgm
resolution: 0.050000
origin: [-2.167270, -24.217631, 0.000000]
negate: 0
occupied_thresh: 0.65
free_thresh: 0.196

