image: nasit_3Feb.pgm
resolution: 0.050000
origin: [-1.933754, -19.147558, 0.000000]
negate: 0
occupied_thresh: 0.65
free_thresh: 0.196

