image: nasit_23Mar.pgm
resolution: 0.050000
origin: [-2.965993, -23.558354, 0.000000]
negate: 0
occupied_thresh: 0.65
free_thresh: 0.196

