image: nasit_18Mar.pgm
resolution: 0.050000
origin: [-10.116160, -23.996044, 0.000000]
negate: 0
occupied_thresh: 0.65
free_thresh: 0.196

