image: office1.pgm
resolution: 0.050000
origin: [-7.259399, -3.463527, 0.000000]
negate: 0
occupied_thresh: 0.65
free_thresh: 0.196

